angles 0 
0.358770670271 
0.519538347998 
0.370300684854 
0.415133746412 
0.492933507943 
0.368695902658 
0.421916719285 
angles 1 
0.247612216105 
0.520939145112 
0.474993334966 
0.333244301112 
0.114035130229 
0.416702260739 
0.416064505724 
angles 2 
0.584706102852 
1.03477621155 
0.958665164093 
0.57275324104 
0.220927142365 
0.917949695694 
0.861888734345 
angles 3 
1.88941209522 
2.04519620959 
2.08531046182 
1.84866289791 
1.73032922987 
2.07221665877 
2.03706860168 
angles 4 
1.71663480243 
1.390942827 
1.56857410823 
1.64756821806 
1.99874482312 
1.39612412779 
1.53666324729 
angles 5 
0.358770670271 
0.519538347998 
0.370300684854 
0.415133746412 
0.492933507943 
0.368695902658 
0.421916719285 
angles 6 
0.247612216105 
0.520939145112 
0.474993334966 
0.333244301112 
0.114035130229 
0.416702260739 
0.416064505724 
angles 7 
0.584706102852 
1.03477621155 
0.958665164093 
0.57275324104 
0.220927142365 
0.917949695694 
0.861888734345 
angles 8 
1.88941209522 
2.04519620959 
2.08531046182 
1.84866289791 
1.73032922987 
2.07221665877 
2.03706860168 
angles 9 
1.71663480243 
1.390942827 
1.56857410823 
1.64756821806 
1.99874482312 
1.39612412779 
1.53666324729 
angles 10 
0.358770670271 
0.519538347998 
0.370300684854 
0.415133746412 
0.492933507943 
0.368695902658 
0.421916719285 
angles 11 
0.247612216105 
0.520939145112 
0.474993334966 
0.333244301112 
0.114035130229 
0.416702260739 
0.416064505724 
angles 12 
0.584706102852 
1.03477621155 
0.958665164093 
0.57275324104 
0.220927142365 
0.917949695694 
0.861888734345 
angles 13 
1.88941209522 
2.04519620959 
2.08531046182 
1.84866289791 
1.73032922987 
2.07221665877 
2.03706860168 
angles 14 
1.71663480243 
1.390942827 
1.56857410823 
1.64756821806 
1.99874482312 
1.39612412779 
1.53666324729 
angles 15 
0.358770670271 
0.519538347998 
0.370300684854 
0.415133746412 
0.492933507943 
0.368695902658 
0.421916719285 
angles 16 
0.247612216105 
0.520939145112 
0.474993334966 
0.333244301112 
0.114035130229 
0.416702260739 
0.416064505724 
angles 17 
0.584706102852 
1.03477621155 
0.958665164093 
0.57275324104 
0.220927142365 
0.917949695694 
0.861888734345 
angles 18 
1.88941209522 
2.04519620959 
2.08531046182 
1.84866289791 
1.73032922987 
2.07221665877 
2.03706860168 
angles 19 
1.71663480243 
1.390942827 
1.56857410823 
1.64756821806 
1.99874482312 
1.39612412779 
1.53666324729 
angles 20 
0.358770670271 
0.519538347998 
0.370300684854 
0.415133746412 
0.492933507943 
0.368695902658 
0.421916719285 
angles 21 
0.247612216105 
0.520939145112 
0.474993334966 
0.333244301112 
0.114035130229 
0.416702260739 
0.416064505724 
angles 22 
0.584706102852 
1.03477621155 
0.958665164093 
0.57275324104 
0.220927142365 
0.917949695694 
0.861888734345 
angles 23 
1.88941209522 
2.04519620959 
2.08531046182 
1.84866289791 
1.73032922987 
2.07221665877 
2.03706860168 
angles 24 
1.71663480243 
1.390942827 
1.56857410823 
1.64756821806 
1.99874482312 
1.39612412779 
1.53666324729 
angles 25 
0.358770670271 
0.519538347998 
0.370300684854 
0.415133746412 
0.492933507943 
0.368695902658 
0.421916719285 
angles 26 
0.247612216105 
0.520939145112 
0.474993334966 
0.333244301112 
0.114035130229 
0.416702260739 
0.416064505724 
angles 27 
0.584706102852 
1.03477621155 
0.958665164093 
0.57275324104 
0.220927142365 
0.917949695694 
0.861888734345 
angles 28 
1.88941209522 
2.04519620959 
2.08531046182 
1.84866289791 
1.73032922987 
2.07221665877 
2.03706860168 
angles 29 
1.71663480243 
1.390942827 
1.56857410823 
1.64756821806 
1.99874482312 
1.39612412779 
1.53666324729 
angles 30 
0.358770670271 
0.519538347998 
0.370300684854 
0.415133746412 
0.492933507943 
0.368695902658 
0.421916719285 
angles 31 
0.247612216105 
0.520939145112 
0.474993334966 
0.333244301112 
0.114035130229 
0.416702260739 
0.416064505724 
angles 32 
0.584706102852 
1.03477621155 
0.958665164093 
0.57275324104 
0.220927142365 
0.917949695694 
0.861888734345 
angles 33 
1.88941209522 
2.04519620959 
2.08531046182 
1.84866289791 
1.73032922987 
2.07221665877 
2.03706860168 
angles 34 
1.71663480243 
1.390942827 
1.56857410823 
1.64756821806 
1.99874482312 
1.39612412779 
1.53666324729 
