angles 1 
-0.0221895688933 
-0.0247424805231 
0.44270477546 
0.110657221174 
0.0587558227157 
-0.12062366858 
0.00550343990021 
0.507098504392 
0.012421721322 
0.0880073735277 
0.080286815283 
0.304131232499 
-0.0564566652847 
-0.0075186553123 
0.00636934061866 
0.0136977733729 
0.360930494126 
0.119665986464 
0.44887100942 
0.198567892255 
0 
angles 2 
0.696156966502 
0.464495875153 
0.561588084429 
0.584081055023 
0.755619734533 
0.606153306257 
0.610035765327 
0.647633316679 
0.526979449362 
0.751703056051 
0.657528244837 
0.600050213402 
0.846628062121 
0.62238395446 
0.472202533372 
0.642789618341 
0.568524547731 
0.443650275028 
0.44275131772 
0.675052760112 
0 
angles 3 
1.14498995799 
0.907477083914 
1.19961638442 
1.07016661462 
1.27807500598 
1.19874610472 
1.02898351062 
1.0929652718 
1.11349783883 
1.14864737058 
1.02059452987 
1.17329441911 
1.59240396533 
1.17227388113 
0.832981266674 
1.10969973267 
0.967670920403 
0.806559025511 
0.75837771421 
1.17668764557 
0 
angles 4 
2.34944982853 
2.62848577091 
2.27961731561 
2.6002982629 
2.46479448592 
2.85936022973 
2.55072955628 
2.02740179869 
2.81240217034 
2.17968041567 
2.08994244104 
2.05946210114 
2.51089000853 
2.34315175156 
2.41495031291 
2.30361142858 
2.06013309187 
2.06397425383 
2.02462753136 
2.31507278314 
0 
angles 5 
1.12685060171 
1.33965668284 
1.10314387616 
1.2001004268 
1.30742093278 
1.23542793721 
1.33675631517 
1.18247760862 
1.29212255632 
1.07068420151 
1.05165021255 
1.30792074202 
1.12117694757 
1.42889927219 
1.3002829398 
1.16814167324 
1.26908000168 
1.50713743807 
1.43790365282 
1.26791145842 
0 
