Imagens happyFoto 1 
0.358770670271 
0.247612216105 
0.584706102852 
1.88941209522 
1.71663480243 
1 
Foto 2 
0.519538347998 
0.520939145112 
1.03477621155 
2.04519620959 
1.390942827 
1 
Foto 3 
0.370300684854 
0.474993334966 
0.958665164093 
2.08531046182 
1.56857410823 
1 
Foto 4 
0.415133746412 
0.333244301112 
0.57275324104 
1.84866289791 
1.64756821806 
1 
Foto 5 
0.492933507943 
0.114035130229 
0.220927142365 
1.73032922987 
1.99874482312 
1 
Foto 6 
0.368695902658 
0.416702260739 
0.917949695694 
2.07221665877 
1.39612412779 
1 
Foto 7 
0.421916719285 
0.416064505724 
0.861888734345 
2.03706860168 
1.53666324729 
1 
