Imagens sadFoto 1 
0.198567892255 
0.675052760112 
1.17668764557 
2.31507278314 
1.26791145842 
0 
Foto 2 
0.44887100942 
0.44275131772 
0.75837771421 
2.02462753136 
1.43790365282 
0 
Foto 3 
0.119665986464 
0.443650275028 
0.806559025511 
2.06397425383 
1.50713743807 
0 
Foto 4 
0.360930494126 
0.568524547731 
0.967670920403 
2.06013309187 
1.26908000168 
0 
Foto 5 
-0.0247424805231 
0.464495875153 
0.907477083914 
2.62848577091 
1.33965668284 
0 
Foto 6 
-0.0075186553123 
0.62238395446 
1.17227388113 
2.34315175156 
1.42889927219 
0 
Foto 7 
0.00636934061866 
0.472202533372 
0.832981266674 
2.41495031291 
1.3002829398 
0 
Foto 8 
0.0136977733729 
0.642789618341 
1.10969973267 
2.30361142858 
1.16814167324 
0 
